 Freq (GHz)                  Ez                Et
   15000000000.000000        155.16662315215464        529.15539181612996        270.06108737449006        197.90352334612103     
   15300000000.000000        166.37749543434256        536.53371341927607        256.05999418034446        201.04919186468859     
   15600000000.000000        177.33856389469054        541.53910430926317        257.93347356581108        204.42293032369327     
   15900000000.000000        187.81583600922542        544.04176782055902        266.71739001592141        207.87223317595235     
   16200000000.000000        197.66453936149026        543.99243615192279        282.13225658452888        210.95508837971389     
   16500000000.000000        206.80152256856564        541.41196720713299        261.08847688738280        213.74059427854502     
   16800000000.000000        215.18662768275527        536.38300510988563        273.48493341037948        218.95533078974424     
   17100000000.000000        222.81008348540382        529.04332591298919        283.93447969469173        231.32037492664546     
   17400000000.000000        229.68383029241124        519.58052454239714        301.16420400899409        247.69845775149903     
   17700000000.000000        235.83540124650725        508.22773534640356        262.75604327110472        261.88246609564459     
   18000000000.000000        241.30347876201228        495.26009215990740        190.02019957590585        273.09304334255825     
   18300000000.000000        246.13456478080391        480.99160886676913        215.94095930403103        281.12235065774672     
   18600000000.000000        250.38040647187424        465.77208562279776        228.92531103626834        283.93246055731328     
   18900000000.000000        254.09594748956019        449.98350993274255        239.88203652933694        276.19380936704857     
   19200000000.000000        257.33765688807057        434.03522594499293        261.76802483100158        276.08234806771173     
   19500000000.000000        260.16214078331484        418.35691450263914        257.37399182819644        301.47191051655329     
   19800000000.000000        262.62497658533010        403.38823472500746        236.22350796026930        318.46532513151419     
   20100000000.000000        264.77973261390224        389.56397556161085        243.58103422534555        315.78525161999039     
   20400000000.000000        266.67715110646765        377.29398314546893        249.31815233755239        315.89020819693121     
   20700000000.000000        268.36448243169588        366.93820627248903        253.83492404337110        317.85452002703482     
   21000000000.000000        269.88496421539912        358.77899284924945        257.03261251000845        321.16293138457695     
   21300000000.000000        271.27744202220828        352.99487246989514        258.64016407520381        325.54042185448594     
   21600000000.000000        272.57612889130939        349.64150089672171        261.81805053460153        330.80351482034240     
   21900000000.000000        273.81049994236287        348.64505912196813        265.31142897957318        336.80146328055065     
   22200000000.000000        275.00531594778550        349.81072494277151        268.36423048552598        343.38919414482950     
   22500000000.000000        276.18076669845192        352.84478112675151        271.05892647199835        350.41446307957182     
   22800000000.000000        277.35272164919934        357.38540482766962        273.47329406315811        357.71389202816113     
   23100000000.000000        278.53307216205991        363.03578512179456        275.65444108218276        365.11444576844463     
   23400000000.000000        279.73014704593311        369.39415260983634        277.64006330535761        372.43778806421454     
   23700000000.000000        280.94918130077110        376.07756684884885        279.46794301295870        379.50622697332642     
   24000000000.000000        282.19281717393784        382.73861571757038        281.17618074610243        386.14951967381575     
   24300000000.000000        283.46161686639067        389.07575936070288        282.79899961122140        392.21165738479107     
   24600000000.000000        284.75456741806579        394.83876158389029        284.36186070507699        397.55683995155084     
   24900000000.000000        286.06956030375784        399.83072552745443        285.87760990295277        402.07435494775774     
   25200000000.000000        287.40383088098798        403.90799534170537        287.34584454324386        405.68210869086295     
   25500000000.000000        288.75434583100986        406.97883002572490        288.76246530395849        408.32788469498814     
   25800000000.000000        290.11812991533679        409.00142147498627        290.13903757215752        409.98910174162751     
   26100000000.000000        291.49252655574492        409.98155963571116        291.50327264730765        410.67581281053015     
   26400000000.000000        292.87538979871772        409.97004497664494        292.87560549093831        410.43596891617801     
   26700000000.000000        294.26520805043145        409.05979788441357        294.26062210714139        409.35637082542939     
   27000000000.000000        295.66116250623003        407.38250057257193        295.65575113172946        407.56013641189980     
   27300000000.000000        297.06312541630109        405.10452039194683        297.05847696028292        405.20360100595599     
   27600000000.000000        298.47160521000302        402.42180461528949        298.46816139568188        402.47253216154758     
   27900000000.000000        299.88764703427569        399.55341796699923        299.88543225715301        399.57677243313884     
   28200000000.000000        301.31269843496852        396.73343848338840        301.31149881972624        396.74281820275701     
   28500000000.000000        302.74845070695159        394.20106385691008        302.74792259401136        394.20419894071676     
   28800000000.000000        304.19666683723409        392.18903237262202        304.19648399236002        392.18983869615710     
   29100000000.000000        305.65900693998969        390.91082729874165        305.65896609099912        390.91096557820248     
   29400000000.000000        307.13686161059769        390.54756098142832        307.13685849083998        390.54757262843367     
   29700000000.000000        308.63120269336190        391.23581734584803        308.63120263847208        391.23581752525240     
   30000000000.000000        310.14245956522876        393.05792423951283        310.14245956522876        393.05792423951283     
   30294117647.058823        311.64031097302768        395.96665276209922        311.64031091731579        395.96665290908442     
   30588235294.117645        313.15338915672407        399.95010452257395        313.15338577551449        399.95011308278185     
   30882352941.176472        314.68020140305941        404.91805309266198        314.68016260018379        404.91813939535774     
   31176470588.235294        316.21861427527148        410.73356019777884        316.21840094379121        410.73397748760635     
   31470588235.294117        317.76589681187909        417.22273564378969        317.76512987989207        417.22406116558744     
   31764705882.352940        319.31878608101567        424.18609070565782        319.31669181991157        424.18924876423637     
   32058823529.411766        320.87356656173614        431.41033445205926        320.86886337993241        431.41630785675005     
   32352941176.470589        322.42615258972251        438.67971380111055        322.41705940485105        438.68871239648212     
   32647058823.529411        323.97216115717293        445.78632903942440        323.95661436158690        445.79615588291693     
   32941176470.588234        325.50696079039466        452.53916864744161        325.48315198198674        452.54247507619789     
   33235294117.647060        327.02568113503219        458.77184309468419        326.99310018795416        458.75187868705325     
   33529411764.705883        328.52316734605864        464.34913963321583        328.48439430724505        464.27354803834180     
   33823529411.764706        329.99386349220708        469.17257796819632        329.95715974620020        468.98491777665674     
   34117647058.823528        331.43161002140636        473.18513932516993        331.41364414496257        472.79415357208194     
   34411764705.882355        332.82934196291262        476.37528756208087        332.85615999560156        475.64223598057845     
   34705882352.941177        334.17867701068167        478.78031366041779        334.28187190618320        477.50462063345105     
   35000000000.000000        335.46938595508794        480.48892127561658        335.67628735441099        478.39171106174928     
   35294117647.058823        336.68874207084292        481.64283498745561        337.01632043523455        478.34617530592021     
   35588235294.117645        337.82075092710562        482.43706042936100        338.29192421801986        477.43694317151312     
   35882352941.176468        338.84526748295406        483.11827169663439        339.52635761548106        475.75580137414516     
   36176470588.235291        339.73701300783415        483.98067886504100        340.76984579594910        473.41765080633564     
   36470588235.294121        340.46450999003963        485.35869355118439        342.07030050597939        470.55906268014678     
   36764705882.352943        340.98895838679516        487.61584180710577        343.45791975066811        467.33428626433960     
   37058823529.411766        341.26308094122828        491.12975214946346        344.95240446947616        463.91006607454477     
   37352941176.470589        341.22996850781328        496.27371021423556        346.56994947195216        460.45981142959982     
   37647058823.529411        340.82195816480237        503.39615303537903        348.32326385184996        457.15666007308886     
   37941176470.588234        339.95957730128231        512.80035828009045        350.21943478718117        454.16526516420697     
   38235294117.647057        338.55058603102395        524.72713073860371        352.25883053404425        451.63297224865795     
   38529411764.705879        336.48914866846576        539.34318191041984        354.43551500819609        449.68151552161260     
   38823529411.764709        333.65516339846744        556.73703218345804        356.73874508437376        448.40033166251044     
   39117647058.823532        329.91377889276004        576.92285913162391        359.15508491616418        447.84228111120575     
   39411764705.882355        325.11512928865130        599.85123915452391        361.67073476684226        448.02218147879353     
   39705882352.941177        319.09432749314203        625.42466070248247        364.27364425791694        448.91818856302359     
   40000000000.000000        311.67177601532359        653.51527705006072        366.95491727284383        450.47573028902946     
   40294117647.058823        302.65389329599640        683.98256794665838        369.70901125070571        452.61342169673048     
   40588235294.117645        291.83442929748975        716.68914910411172        372.53237335157792        455.23019954187521     
   40882352941.176468        278.99669397786425        751.51363263209612        375.42053450504841        458.21286314699950     
   41176470588.235291        263.91732972089397        788.36001284406643        378.36432878986517        461.44332472362873     
   41470588235.294113        246.37292536724570        827.16345934575372        381.34658529537700        464.80512014897869     
   41764705882.352943        226.15232080824995        867.89265867989388        384.34081105653524        468.18898820931190     
   42058823529.411766        203.08138970199863        910.54901294263630        387.31264862307142        471.49746122547123     
   42352941176.470589        177.07820685357021        955.16313846446064        390.22359903974819        474.64840687621165     
   42647058823.529411        148.29221839541972        1001.7892542040214        393.03559479597857        477.57743799140258     
   42941176470.588234        117.51428520536579        1050.4982310936530        395.71509216229884        480.23917908268646     
   43235294117.647057        87.606578956720369        1101.3702942010825        398.23615967932335        482.60753908813570     
   43529411764.705887        68.392041795169234        1154.4886198238344        400.58289731838522        484.67530112936794     
   43823529411.764709        78.588016164727165        1209.9353337663183        402.75205098341161        486.45344201748742     
   44117647058.823532        117.63810266107997        1267.7916796443164        404.75697376208524        487.97065044547008     
   44411764705.882355        172.29994945524354        1328.1443763122434        406.63445264842062        489.27358683586203     
   44705882352.941177        236.94976781032790        1391.1004148442764        408.45676158729691        490.42860509067935     
   45000000000.000000        309.98078339289572        1456.8127482478606        410.35313384122924        491.52604363813595     
