   15.000000000000000        23.266724149972561        7.5431540467961575       0.94198182256798613     
   15.300000000000001        18.094747343530820        5.8464279331465852       0.87932821110269488     
   15.600000000000000        14.014991769353781        4.0237651334761173       0.80698212143630876     
   15.900000000000000        10.808683736949796        2.5769782053869061       0.73973168408260936     
   16.199999999999999        8.2986607254828861        1.6133794426330148       0.67675877367376436     
   16.500000000000000        6.3418115186668294        1.0184025739145890       0.61784753971445538     
   16.800000000000001        4.8228454704206607       0.65776898965799124       0.56294732475902154     
   17.100000000000001        3.6491598718066296       0.43726058231374876       0.51192550758781796     
   17.399999999999999        2.7466151700384671       0.29964005312286213       0.46459046089024120     
   17.699999999999999        2.0560610849116241       0.21154780063269471       0.42074093872928620     
   18.000000000000000        1.5304839245775959       0.15359757122126566       0.38018275989174533     
   18.300000000000001        1.1326677728476475       0.11438524005116195       0.34273092933802973     
   18.600000000000001       0.83328062382959200        8.7083560784663228E-002  0.30820868219909375     
   18.899999999999999       0.60931171370670734        6.7528513516468866E-002  0.27644657762430302     
   19.199999999999999       0.44279883656182095        5.3134375240244058E-002  0.24728202761744619     
   19.500000000000000       0.31979480951809436        4.2268026262402537E-002  0.22055907459205989     
   19.800000000000001       0.22953085909477086        3.3880853093959176E-002  0.19612823092647064     
   20.100000000000001       0.16374184964304206        2.7287926486013640E-002  0.17384629106676799     
   20.399999999999999       0.11612422163877098        2.2033525192550380E-002  0.15357610225168786     
   20.699999999999999        8.1902461009524599E-002   1.7812266145062313E-002  0.13518631571075279     
   21.000000000000000        5.7484051116797864E-002   1.4449464002365110E-002  0.11855114641464595     
   21.300000000000001        4.0186306299509769E-002   1.1594837978271931E-002  0.10355016055862226     
   21.600000000000001        2.8021364849106806E-002   9.3460568038718911E-003   9.0068096674256373E-002
   21.899999999999999        1.9528024462152557E-002   7.5328579679731032E-003   7.7994714707428608E-002
   22.199999999999999        1.3641112585594795E-002   6.0795756915775004E-003   6.7224661022358800E-002
   22.500000000000000        9.5907621045637700E-003   4.9246498446997248E-003   5.7657338789146355E-002
   22.800000000000001        6.8253629494153256E-003   4.0166850424860892E-003   4.9196783435541958E-002
   23.100000000000001        4.9531268057067526E-003   3.3123424617821479E-003   4.1751555942444001E-002
   23.399999999999999        3.6981721818862357E-003   2.7749040303827500E-003   3.5234669008389181E-002
   23.699999999999999        2.8678415382834502E-003   2.3730795669371129E-003   2.9563544243981492E-002
   24.000000000000000        2.3286269391919177E-003   2.0795657787548659E-003   2.4659976198513969E-002
   24.300000000000001        1.9886275947785309E-003   1.8704852547056275E-003   2.0450074995124041E-002
   24.600000000000001        1.7849101770531014E-003   1.7364442839881882E-003   1.6864176918668945E-002
   24.899999999999999        1.6745066055526914E-003   1.6647744248091188E-003   1.3836732160845140E-002
   25.199999999999999        1.6280774759432756E-003   1.6350724977620211E-003   1.1306186035025499E-002
   25.500000000000000        1.6255038946860574E-003   1.6375316301995067E-003   9.2148660190555492E-003
   25.800000000000001        1.6528560133014202E-003   1.6649989858581640E-003   7.5088803116245993E-003
   26.100000000000001        1.7003314824858215E-003   1.7109413420149956E-003   6.1380290674063987E-003
   26.399999999999999        1.7608686494591027E-003   1.7693364862210622E-003   5.0557275974824145E-003
   26.699999999999999        1.8292238622541139E-003   1.8353881877928295E-003   4.2189404589189055E-003
   27.000000000000000        1.9013650892701042E-003   1.9054653696987062E-003   3.5881255123602612E-003
   27.300000000000001        1.9740797863394988E-003   1.9765745369811748E-003   3.1271871714465050E-003
   27.600000000000001        2.0447274139608388E-003   2.0461066292403476E-003   2.8034380158605808E-003
   27.899999999999999        2.1110894551813874E-003   2.1117709801697086E-003   2.5875677195440852E-003
   28.199999999999999        2.1712848679957568E-003   2.1715775142812067E-003   2.4536179870539776E-003
   28.500000000000000        2.2237287686648569E-003   2.2238331495096010E-003   2.3789619976657666E-003
   28.800000000000001        2.2671184687856837E-003   2.2671471415177638E-003   2.3442867496506121E-003
   29.100000000000001        2.3004350596871701E-003   2.3004403241499187E-003   2.3335766533884791E-003
   29.399999999999999        2.3229514832606591E-003   2.3229519530503411E-003   2.3340967281707302E-003
   29.699999999999999        2.3342400835952831E-003   2.3342400909545846E-003   2.3363738214485078E-003
   30.000000000000000        2.3341743922705087E-003   2.3341743922705087E-003   2.3341743922705468E-003
   30.294117647058822        2.3232473525181432E-003   2.3232473588544167E-003   2.3247438353777915E-003
   30.588235294117645        2.3019809021443270E-003   2.3019812955983555E-003   2.3082177776936608E-003
   30.882352941176471        2.2710156343815112E-003   2.2710199485205087E-003   2.2876188485433289E-003
   31.176470588235293        2.2311817130131035E-003   2.2312048972234788E-003   2.2688297725769169E-003
   31.470588235294116        2.1834547703110216E-003   2.1835389292926763E-003   2.2605453101330387E-003
   31.764705882352938        2.1289075547729695E-003   2.1291457131866467E-003   2.2742182310825777E-003
   32.058823529411768        2.0686610210510340E-003   2.0692282350161053E-003   2.3239999775953235E-003
   32.352941176470587        2.0038390740736295E-003   2.0050290635572317E-003   2.4266770118957170E-003
   32.647058823529413        1.9355316267331130E-003   1.9377957334666875E-003   2.6016040683073216E-003
   32.941176470588232        1.8647711680925040E-003   1.8687545565188523E-003   2.8706356389064714E-003
   33.235294117647058        1.7925288933715959E-003   1.7990961758308282E-003   3.2580570740440079E-003
   33.529411764705884        1.7197379091320609E-003   1.7299761895383627E-003   3.7905167748344521E-003
   33.823529411764703        1.6473534548291798E-003   1.6625339903022240E-003   4.4969611384417553E-003
   34.117647058823529        1.5764639058837764E-003   1.5979323144233650E-003   5.4085741074772261E-003
   34.411764705882355        1.5084720608772942E-003   1.5374187629297921E-003   6.5587232450689103E-003
   34.705882352941174        1.4453744944428787E-003   1.4824090168494811E-003   7.9829141606595974E-003
   35.000000000000000        1.3901783549701181E-003   1.4345901705513267E-003   9.7187549155200517E-003
   35.294117647058826        1.3475108835170652E-003   1.3960419067609207E-003   1.1805931897469556E-002
   35.588235294117645        1.3244983873325310E-003   1.3693727725344665E-003   1.4286198893982851E-002
   35.882352941176471        1.3320200534874833E-003   1.3578675633082135E-003   1.7203382564695047E-002
   36.176470588235290        1.3864799653464240E-003   1.3656390735970094E-003   2.0603412349672619E-002
   36.470588235294123        1.5122907541441466E-003   1.3977740564536565E-003   2.4534393731921025E-002
   36.764705882352942        1.7453280481575858E-003   1.4604613990208423E-003   2.9046747611844951E-002
   37.058823529411768        2.1377008255576966E-003   1.5610918938028732E-003   3.4193353729950957E-002
   37.352941176470587        2.7642946683473293E-003   1.7083226900273176E-003   4.0029479340311994E-002
   37.647058823529413        3.7316898751458189E-003   1.9121029848010072E-003   4.6612928894430715E-002
   37.941176470588232        5.1902431328442076E-003   2.1836591297790670E-003   5.4007636850916071E-002
   38.235294117647058        7.3503604692501546E-003   2.5354377287225066E-003   6.2470952747912450E-002
   38.529411764705877        1.0504292963472536E-002   2.9810064793772736E-003   7.1394501581358225E-002
   38.823529411764710        1.5055169717038380E-002   3.5349161567767035E-003   8.1585432442102326E-002
   39.117647058823529        2.1555461589284973E-002   4.2125335420367940E-003   9.2837174338561423E-002
   39.411764705882355        3.0757663047146163E-002   5.0298628315772727E-003  0.10522949800954594     
   39.705882352941174        4.3680709127747262E-002   6.0033792481207094E-003  0.11884178569554041     
   40.000000000000000        6.1696532807414911E-002   7.1498999811555079E-003  0.13375845218915564     
   40.294117647058826        8.6642239424432138E-002   8.4865122782996592E-003  0.15007267057484208     
   40.588235294117645       0.12096465472358575        1.0030567486177481E-002  0.16789330858610302     
   40.882352941176471       0.16790551755047026        1.1799737639939521E-002  0.18736058639581857     
   41.176470588235290       0.23173736284794516        1.3812124617089224E-002  0.20868491278231369     
   41.470588235294116       0.31806219967505606        1.6086416341516672E-002  0.23225000319713746     
   41.764705882352942       0.43418745421802407        1.8642098947312780E-002  0.25886609297387714     
   42.058823529411768       0.58959633699825631        2.1499747098259355E-002  0.28983716785705149     
   42.352941176470587       0.79653281899112682        2.4681410939440651E-002  0.32308799353663059     
   42.647058823529413        1.0707247681549303        2.8211095718905854E-002  0.35189130516989203     
   42.941176470588232        1.4322725017260691        3.2115320980483260E-002  0.38031346315688763     
   43.235294117647058        1.9067340350854656        3.6423801600837198E-002  0.41200841250257109     
   43.529411764705884        2.5264426261361472        4.1170425363898845E-002  0.44695636938089028     
   43.823529411764710        3.3320967804101738        4.6394847224063243E-002  0.48481756689178007     
   44.117647058823529        4.3746676341675803        5.2145073051331016E-002  0.52543390749727947     
   44.411764705882355        5.7176734882211395        5.8481222096365804E-002  0.56876560517253438     
   44.705882352941174        7.4398761198452670        6.5479778185521087E-002  0.61483251050956744     
   45.000000000000000        9.6384582259528671        7.3234360966230636E-002  0.66368355290242098     
