 Freq (GHz)                  Ez                Et
   15000000000.000000        3498279.5901144617        3351677.9189571696        591056.42883496720        1288960.0302544266     
   15300000000.000000        3160570.3806026089        3031267.9568884037        539579.22643835109        1248332.4061977451     
   15600000000.000000        2847134.5794499987        2733492.9078388126        481685.59027169092        1204434.6902342318     
   15900000000.000000        2557071.1908809613        2457557.2877720585        417660.17619354284        1158152.9310022832     
   16200000000.000000        2289429.9606104633        2202615.1602555611        347988.28388849407        1110462.9292420829     
   16500000000.000000        2043221.8997667336        1967779.9606562667        273414.37092311162        1062426.2087981142     
   16800000000.000000        1817429.0833552179        1752133.6852582623        194595.26577085364        1014737.2257548749     
   17100000000.000000        1611013.7390053736        1554735.4563472820        112389.49685295607        967633.81991833076     
   17400000000.000000        1422926.6424305430        1374629.4749540803        34571.858963675746        921346.41639682150     
   17700000000.000000        1252114.8367045971        1210852.3735930214        73867.640367727465        876096.16797535517     
   18000000000.000000        1097528.6931153082        1062439.9819718683        163884.75974592112        831975.89883511793     
   18300000000.000000        958128.33199160593        928433.51928290236        257252.26698858148        788891.66638760152     
   18600000000.000000        832889.42251770652        807885.22731199942        350950.50695739413        746507.58774171432     
   18900000000.000000        720808.38114030857        699863.45922033826        442611.25591078837        704188.67519585649     
   19200000000.000000        620906.98874336563        603457.23946106096        529064.93898815848        660995.53770771378     
   19500000000.000000        532236.44730724907        517780.31088947656        605958.42726145266        615816.21555368148     
   19800000000.000000        453880.89728358481        441974.68570866092        667313.15799482272        567684.54527430795     
   20100000000.000000        384960.41740248306        375213.71746135037        705548.08869080222        516206.23356529733     
   20400000000.000000        324633.52908402093        316704.71183250193        718535.54337291943        461876.86337015964     
   20700000000.000000        272099.22804946470        265691.09456358413        708349.04571325076        406086.95807518653     
   21000000000.000000        226598.56611892808        221454.15529832308        676230.55264415976        350794.86894371716     
   21300000000.000000        187415.80654010765        183314.38667904719        626014.35557707632        298039.64415236149     
   21600000000.000000        153879.17651665121        150632.43849200220        563407.47503255599        249510.42248622197     
   21900000000.000000        125361.24089433259        122809.70711792121        494368.74029595178        206303.07165720628     
   22200000000.000000        101278.92121819915        99288.580979913619        424043.94800453068        168879.92204558451     
   22500000000.000000        81093.184594672421        79552.363093736043        356291.67397279665        137173.27877631830     
   22800000000.000000        64308.426980201839        63124.892215193591        293650.34906369250        110752.49861411762     
   23100000000.000000        50471.575674881453        49569.884445722077        237549.74286097492        88990.980565127189     
   23400000000.000000        39170.935930009953        38490.017500148162        188601.09968471201        71198.704003330509     
   23700000000.000000        30034.806691951006        29525.780160758815        146864.49716519786        56710.598123078751     
   24000000000.000000        22729.890617967150        22354.109738652289        112050.52487823057        44935.201301963629     
   24300000000.000000        16959.523646068188        16686.840633568889        83652.312908648120        35373.523547631747     
   24600000000.000000        12461.749643651519        12268.987312838213        61024.913023890804        27618.615619895827     
   24900000000.000000        9007.2661189964474        8876.8851725103032        43436.495584466516        21344.775096108096     
   25200000000.000000        6397.2678731177293        6316.2126652259512        30112.256148084442        16292.853958513195     
   25500000000.000000        4461.2171486290690        4419.9174218859171        20280.266653891438        12255.684746412073     
   25800000000.000000        3054.5716744051742        3046.0669954682157        13216.098884147254        9065.5069962747202     
   26100000000.000000        2056.5055389525969        2075.6396407912280        8278.8283625480999        6582.4234846967474     
   26400000000.000000        1367.6568590882223        1410.2608042583072        4929.9689741801412        4686.0101332811655     
   26700000000.000000        907.90835601135780        969.88414463174422        2735.0986644909372        3271.4128572093332     
   27000000000.000000        614.09230787878255        690.45278651719764        1355.6936950905831        2246.4085911700013     
   27300000000.000000        437.28198873028396        521.72060561884302        536.71579505774730        1529.4942421592045     
   27600000000.000000        339.46919360827332        425.51147507531221        118.94878218714697        1048.9504807686103     
   27900000000.000000        290.88157209484734        374.27154549876320        190.03525659203339        742.68573499365607     
   28200000000.000000        269.62767208514731        349.26379881668754        285.30524217287569        561.58748751103462     
   28500000000.000000        261.82007153811162        338.36429259513898        338.61778165374551        490.31806492569831     
   28800000000.000000        259.88719532474397        334.11340522864492        187.61074506176593        177.57006539252092     
   29100000000.000000        260.16588122249499        332.29103728935797        253.38536134974009        327.42612540912205     
   29400000000.000000        261.10264080741177        330.84444167969878        260.65825260523184        330.61585882546092     
   29700000000.000000        262.16745911524362        329.02633833030484        262.16138466635493        329.02387575372427     
   30000000000.000000        263.24020537882649        326.73129716595730        263.24020537882649        326.73129716595730     
   30294117647.058823        264.28891200242538        324.12414690963215        264.28420392373056        324.12266651074560     
   30588235294.117645        265.34145217165303        321.32891094513468        265.05448003248455        321.24211413219217     
   30882352941.176472        266.43694678531523        318.70391625050530        263.32081422315912        317.76013468628821     
   31176470588.235294        267.65907320960702        317.19957399585934        251.03828323898892        312.02769876596977     
   31470588235.294117        269.07018999304177        318.98787254109209        209.81201083234953        299.66888478641380     
   31764705882.352940        270.68299387595454        328.28112742171538        122.38832365450668        272.30486984179004     
   32058823529.411766        273.29229003755086        352.41907599143815        234.95705264330564        217.65912470414898     
   32352941176.470589        282.82115372149519        403.67200907924030        739.45906985258489        121.88390831962806     
   32647058823.529411        322.46304946638173        502.34883245716327        1669.6860463282990        29.886560642825557     
   32941176470.588234        443.88942144639140        680.57963729451797        3226.3679981338837        253.52114127021608     
   33235294117.647060        709.72750693294063        984.97248089534344        5679.6642540064904        627.40677080894920     
   33529411764.705883        1179.8001224866775        1478.3889156505713        9363.2855032978114        1390.4600409892680     
   33823529411.764706        1927.7007782831054        2242.8146360818960        14672.523245777573        3062.4335010781642     
   34117647058.823528        3052.8316966024749        3383.6459797940829        22061.544183249989        6541.9307070265622     
   34411764705.882355        4684.9847234395384        5034.6064041950603        32044.251842098834        13316.783478920110     
   34705882352.941177        6988.3198127449641        7362.9364956687268        45209.506270998332        25870.775670595347     
   35000000000.000000        10166.156997289730        10574.886298334161        62269.256299375666        48394.296234664580     
   35294117647.058823        14466.518753120752        14921.593317090375        84155.586690816548        88003.555848443415     
   35588235294.117645        20188.291395030446        20705.394556361680        112118.74862328150        156519.84505834430     
   35882352941.176468        27687.938877617020        28286.593767970600        147501.31281901646        271349.83902247983     
   36176470588.235291        37386.742434366715        38090.692550303189        190237.80467437816        448468.31946933671     
   36470588235.294121        49778.558556943783        50616.088841924298        235945.65513211291        665397.22160923609     
   36764705882.352943        65438.096591792819        66442.244123203287        278162.12009190919        870343.24515757419     
   37058823529.411766        85029.721341661978        86238.319366143274        317661.64283502998        1027460.1042454534     
   37352941176.470589        109316.78805607071        110772.27876713737        360811.35948604060        1140554.0470847946     
   37647058823.529411        139171.51821539158        140920.45933463229        412309.92599475995        1229982.5463992772     
   37941176470.588234        175585.42507696283        177677.60342017945        474860.89513752155        1306193.2826858719     
   38235294117.647057        219680.29830230921        222167.35026548291        550876.03619073750        1371647.3413069239     
   38529411764.705879        272719.75723995175        275653.18159256323        643472.14953738393        1428402.8607223290     
   38823529411.764709        336121.38265764737        339549.81519508862        758108.36026973056        1483541.1057394901     
   39117647058.823532        411469.43693131930        415435.03940188128        902233.13451740006        1557987.0848405864     
   39411764705.882355        500528.18292075046        505061.98018312402        1089030.8887745042        1701790.0824780760     
   39705882352.941177        605255.81200225186        610371.79155944649        1362122.9300146904        2009213.4166577579     
   40000000000.000000        727818.99199020967        733506.75885663752        1781815.2186713440        2597750.6898264550     
   40294117647.058823        870608.04596343450        876823.80322726164        2392964.8751119380        3513257.0000759182     
   40588235294.117645        1036252.7733194256        1042908.3747363806        3127232.8702284032        4586091.0966880564     
   40882352941.176468        1227638.9247085624        1234588.7201846337        3771016.0593819609        5447963.5487511735     
   41176470588.235291        1447925.3428501952        1454950.5107195575        4172196.8846924044        5888879.0840760376     
   41470588235.294113        1700561.7816011612        1707351.8131674842        4365107.9168737577        6007409.8112545917     
   41764705882.352943        1989307.4160327369        1995438.3879049784        4440893.1259830631        5970256.8395219743     
   42058823529.411766        2318250.0566718071        2323159.2949831886        4457392.0210016826        5873337.2990421047     
   42352941176.470589        2691826.0814738004        2694782.7891217992        4440080.7136157015        5752437.4288669722     
   42647058823.529411        3114841.0995148304        3114912.4831034900        4399228.5830472037        5614988.1269835951     
   42941176470.588234        3592491.3608171418        3588503.7580276732        4339984.3373004422        5458341.5477750031     
   43235294117.647057        4130385.9271502905        4120880.3978243377        4266507.5038357330        5278032.0759791676     
   43529411764.705887        4734569.6190781482        4717751.4243881926        4183150.8291818886        5071069.2629513619     
   43823529411.764709        5411546.7549451813        5385228.1086715376        4094423.1756228320        4836739.2276190342     
   44117647058.823532        6168305.6979102185        6129841.1320735645        4004646.3851421843        4576207.3464452717     
   44411764705.882355        7012344.2275387421        6958557.8714855807        3917765.0524776322        4291744.3457815107     
   44705882352.941177        7951695.7528511509        7878799.7803997919        3837450.6916652070        3985986.6284730020     
   45000000000.000000        8994956.3840914071        8898459.8375633825        3767464.3162740306        3661307.8877137643     
