 Freq (GHz)                  Ez                Et
   15000000000.000000        77205.723727171062        32338.675883450385        18180.627616501184        38028.318062122205     
   15300000000.000000        69891.886902468657        29206.076285401828        16813.288639228063        38321.515302223997     
   15600000000.000000        63086.778831834221        26300.518946513555        15816.724590586555        38636.673057794644     
   15900000000.000000        56773.053166447156        23613.190813775574        15189.314792210140        38992.811180252167     
   16200000000.000000        50932.208824563197        21134.858596390590        14946.410727899269        39395.701853079641     
   16500000000.000000        45544.806972438506        18855.968212782922        15122.446433925017        39821.780745067044     
   16800000000.000000        40590.674166638346        16766.736938949682        15772.519432898212        40186.344550315313     
   17100000000.000000        36049.091924510423        14857.238435273915        16967.871957952659        40276.854936934767     
   17400000000.000000        31898.972997004985        13117.480836770876        18761.614161945745        39612.967087961180     
   17700000000.000000        28119.024625588892        11537.478099064143        21049.035352073439        37193.217031715089     
   18000000000.000000        24687.899072737662        10107.314799225780        23196.608875712998        31347.167864387993     
   18300000000.000000        21584.331723411382        8817.2045970208819        23767.712846215345        21002.601734668486     
   18600000000.000000        18787.267063029103        7657.5425682159994        21828.856216360276        9455.4767209785350     
   18900000000.000000        16275.972845773233        6618.9516276489858        18506.368135266224        8546.5065627832500     
   19200000000.000000        14030.142775594439        5692.3232661211559        14651.683574225168        14888.929616852440     
   19500000000.000000        12029.988031111485        4868.8528325256511        10831.564386254067        19628.019565614333     
   19800000000.000000        10256.317974784730        4140.0696021400308        9175.0064088310701        22626.871058111068     
   20100000000.000000        8690.6103964791382        3497.8618857610841        7960.9746805335217        24388.207924236900     
   20400000000.000000        7315.0716521338181        2934.4974561086451        7111.7310728834354        25282.208701116793     
   20700000000.000000        6112.6870703374634        2442.6396047748958        6584.0197760235251        25555.949375827433     
   21000000000.000000        5067.2620143182830        2015.3592088649493        6326.1750594045543        25385.544790255830     
   21300000000.000000        4163.4540064081057        1646.1433100843497        6290.0466220871713        24905.611076087182     
   21600000000.000000        3386.7963508820294        1328.9009530389299        6433.9939937528479        24220.961882479798     
   21900000000.000000        2723.7137385263300        1057.9675399406424        6721.3218549988824        23409.427537944095     
   22200000000.000000        2161.5304030754410        828.11010279742447        7112.1243555848660        22516.458752309987     
   22500000000.000000        1688.4715752367924        634.53867949020082        7541.1661356927652        21536.066251926917     
   22800000000.000000        1293.6593728346104        472.93648007113904        7874.0704555504390        20375.364159584384     
   23100000000.000000        967.10524560010595        339.54434936787493        7862.1105421345474        18825.863917027826     
   23400000000.000000        699.70387159308700        231.41533757744114        7168.3396668668493        16623.066079475320     
   23700000000.000000        483.24265834625368        147.28243550572725        5643.3196491038034        13777.980557189638     
   24000000000.000000        310.47937777062515        90.720273982515550        4562.0172487182472        11553.096499172558     
   24300000000.000000        175.56070856257804        74.254110079789072        4347.9752473811095        10284.135804086538     
   24600000000.000000        77.217511188477019        92.740051889053603        3386.6850770621177        8925.9608836530260     
   24900000000.000000        49.666543852846161        120.12144252747730        2852.9960960687354        6766.0380628808962     
   25200000000.000000        93.447621215108242        145.61980786119440        2223.6555170021443        4781.9111126673724     
   25500000000.000000        135.01523858817114        167.21860108276417        1595.6476863309369        3292.2634013868287     
   25800000000.000000        166.18270763580620        185.06666736273326        1107.0163960342595        2204.8114831761422     
   26100000000.000000        188.31611404382852        199.80031621976218        759.14725813974508        1444.7244238847447     
   26400000000.000000        203.46474167881706        212.09894144136965        524.83901251900659        939.01904724733947     
   26700000000.000000        213.49293377001030        222.55095654177586        377.61763246182011        621.92715725571964     
   27000000000.000000        219.93811892675225        231.61599578794750        302.00841627192534        438.09457601837209     
   27300000000.000000        224.00013183844857        239.62373775728673        263.60829047448192        341.47890375609120     
   27600000000.000000        226.56840642921762        246.78886305275390        242.46720660672997        295.42274187749092     
   27900000000.000000        228.26516664077309        253.23317038319578        233.07184768758430        275.42363365251367     
   28200000000.000000        229.49645252013164        259.00986913333855        230.45331565399701        268.26911396232651     
   28500000000.000000        230.50526824995740        264.12690892144946        231.15375751937748        267.44397165768800     
   28800000000.000000        231.42159973963220        268.56740532912670        232.45212459276391        269.50303305375769     
   29100000000.000000        232.30493255282187        272.30614503856646        232.61066306151940        272.48570532107271     
   29400000000.000000        233.17655275595283        275.32185839473516        233.20139267118518        275.33889964438106     
   29700000000.000000        234.04092417900637        277.60544644344355        234.04126658818893        277.60573581392106     
   30000000000.000000        234.89731504590389        279.16468387920344        234.89731504590389        279.16468387920344     
   30294117647.058823        235.72781649636494        280.01570858881473        235.72809321987091        280.01602432341696     
   30588235294.117645        236.54838917404598        280.23870463584268        236.56780483285308        280.26227250142790     
   30882352941.176472        237.36026419895455        279.89332810221157        237.67270094235255        280.18920105553019     
   31176470588.235294        238.17323737236075        279.05622481004104        236.51897577085904        276.57692811775939     
   31470588235.294117        239.02051869128192        277.82299166544016        238.57871225981756        278.82542694912905     
   31764705882.352940        239.98528491997666        276.31357390456861        241.56705160039311        284.55991149961693     
   32058823529.411766        241.24148813115593        274.68269335089377        248.03946993727786        301.63059155343922     
   32352941176.470589        243.11046090292999        273.13684099038676        262.18292382882879        341.98835433175020     
   32647058823.529411        246.13321183404827        271.95904059061138        293.00919550605914        425.20600685336547     
   32941176470.588234        251.15524208966804        271.54178291899956        361.64291658581112        586.17321840352713     
   33235294117.647060        259.41547425846409        272.42690082614484        520.29559798733430        902.32621466766648     
   33529411764.705883        272.62466158287106        275.34835031025563        915.05424220737518        1607.3532036404083     
   33823529411.764706        293.01778876941637        281.27003304299961        2199.2827779561576        3911.5066100595132     
   34117647058.823528        323.38012532571543        291.40769144542844        84785.871472595318        169696.38313682395     
   34411764705.882355        367.07859755571485        307.22574927334705        2638.6182215323261        7380.8967096451061     
   34705882352.941177        428.15273597075696        330.41138757189526        994.81260723280855        5440.2298112139988     
   35000000000.000000        511.49887143219956        362.84717616953640        135.05923530158964        5331.5988275268601     
   35294117647.058823        623.12803209058484        406.61648027993164        666.64178224720297        5690.5542849409667     
   35588235294.117645        770.44383941239334        464.06727407869653        1478.8926032560698        6256.8411568195852     
   35882352941.176468        962.49756861697540        537.93294591759877        2395.1948233168368        6963.6129093930240     
   36176470588.235291        1210.2104187593638        631.48465887135808        3458.0306203412201        7799.0232523355589     
   36470588235.294121        1526.5769049319499        748.68479074998766        4702.2022849886671        8769.8439252555854     
   36764705882.352943        1926.8690335120061        894.32166020158002        6156.3272360359024        9889.5628331144417     
   37058823529.411766        2428.8556367949632        1074.1199813313083        7843.6591222074403        11173.062104817202     
   37352941176.470589        3053.0437593438451        1294.8313484903315        9785.0065722448398        12629.160674178374     
   37647058823.529411        3822.9437011923474        1564.3131401871281        12007.589590613532        14241.165512156223     
   37941176470.588234        4765.3568303081611        1891.6042306099446        14556.783595827201        15940.346030328128     
   38235294117.647057        5910.6846491419528        2287.0038696379097        17475.784774083579        17650.962058306486     
   38529411764.705879        7293.2578326001703        2762.1575597826359        20751.532557261042        19436.161196634268     
   38823529411.764709        8951.6844244070362        3330.1515937800091        24352.225203389873        21487.787881117245     
   39117647058.823532        10929.216809443056        4005.6164532201992        28309.702195850427        24002.995840876192     
   39411764705.882355        13274.137393529381        4804.8384859273992        32699.724593622352        27121.974801190067     
   39705882352.941177        16040.163125417448        5745.8789938674627        37516.089318442748        30736.379968180136     
   40000000000.000000        19286.869118090439        6848.6998673368716        42604.275553264633        34448.195041379804     
   40294117647.058823        23080.131696657834        8135.2950347938067        47826.352618705801        37976.475803095549     
   40588235294.117645        27492.591239370056        9629.8271623603105        53163.212896375240        41319.011207956559     
   40882352941.176468        32604.135200442473        11358.769184179166        58643.518342405136        44564.581049367676     
   41176470588.235291        38502.401716825960        13351.050357410712        64285.912108237972        47775.443759651913     
   41470588235.294113        45283.304210598057        15638.206613080463        70090.217872672889        50976.180268100346     
   41764705882.352943        53051.577406904551        18254.535022187680        76044.682385194668        54170.509535444340     
   42058823529.411766        61921.345195713191        21237.252222860981        82134.071304106226        57358.220775052730     
   42352941176.470589        72016.710774742969        24626.656665491268        88341.812860879232        60540.855869898944     
   42647058823.529411        83472.369521019456        28466.294533770211        94649.094285372994        63718.252560925030     
   42941176470.588234        96434.245049734018        32803.129194064095        101039.12948280096        66894.208681399658     
   43235294117.647057        111060.14893134567        37687.714016018443        107498.87395200603        70083.068051842711     
   43529411764.705887        127520.46455113952        43174.368395318445        114010.77732633638        73296.892403373960     
   43823529411.764709        145998.85560959554        49321.356796158194        120547.90209215827        76529.265533382189     
   44117647058.823532        166692.99977685910        56191.070616799319        127081.38429269192        79761.474426671615     
   44411764705.882355        189815.34803016114        63850.212667027932        133587.59818687645        82976.276408075239     
   44705882352.941177        215593.91021917143        72369.984031542015        140048.58141455043        86161.983612553900     
   45000000000.000000        244273.06742076154        81826.273078475308        146450.06789056526        89310.480372602950     
